function [s1, s2] = prewitt()
s1 = [-1 0 1; -1 0 1; -1 0 1];
s2 = [1 1 1; 0 0 0; -1 -1 -1];
end


