function [s1, s2] = sobel()
s1 = [1 2 1; 0 0 0; -1 -2 -1];
s2 = [-1 0 1; -2 0 2; -1 0 1];
end